0.68
0.32
0.265
0.69
0.15
0.06
0.3127
0.329
0.4545454545
0
10
0
0
0
0
0
1
0
0
0
1
0
0
0
1
0
0
0
1
0
0
0
0
0
0
0
0
0
0
0
0
0
0
0
0
0
0
0
0.1
0.1
0.1
0
0.1
0.8
0.7
0
0
0
0
0
1
0
0
0
0.5
0.5
0.5
0.5
3
2500
6500
10000
0.8766308368
0.217780523
-0.0944113598
0
0.0205855848
0.8027081216
0.0161899822
0
-0.0067011103
-0.0476948051
0.2853614354
0
1
0
0
0
0
1
0
0
0
0
1
0
0.738218925
-0.0393214996
0.0400282122
0
-0.0039428165
0.751618388
-0.007936949
0
0.0023198574
0.0203421263
0.9773380163
0
0
0
0
0
2.4
0
0
0
1
420
200
1400
0.125
1.5
0.33333
1
0
0
1
0
0
1
0
0.000000
0.003000
0.007000
0.144767
0.250849
0.349680
0.384101
0.364562
0.178283
-0.777290
-1.543962
-2.746175
-4.458310
-6.343268
-8.155397
-10.694402
-13.237840
-15.438921
-17.692666
-19.395853
-22.444220
-23.834486
-25.616634
-26.913448
-28.080916
-28.335810
-29.306002
-28.734963
-28.022876
-25.792627
-24.434436
-22.376103
-19.087281
-16.530072
-11.589477
-6.556080
-0.780044
4.081359
11.489684
19.161113
27.675654
34.765009
42.684325
52.475338
58.291835
68.326696
77.891639
88.595616
96.845695
105.695655
114.229635
122.738808
127.189225
131.363374
134.331181
138.031046
142.231135
146.256101
148.701233
139.016544
127.759765
138.415893
88.313103
-1.976597
-1176.470588
0
2.4
0
1
0
0.2
1
0.2
1
0.2
0.2
0.3
2
1
2
3
2
0.4
1
0.6
1
0.68
0.32
0.265
0.69
0.15
0.06
0.3127
0.329
0.4545454545
0
4
2.5
5
2.5
10
2
0.05
1.05
-0.2
1.55
0
1.5
0.1
0.1
90
265
0.35
0.143
-30
14
2
2
-0.5
1.5
0.7
0.4
0
0
0
0
0
0
0
0
0
0
0
0
0
0
0
0
0
5
5
5
2.5
5
5
0.4
1.18
0.4
1.1
0
0.9
0.0167
0.1
120
265
10
10
-10
500
0.8
0
0
0
0
0
0
0
0
0
1
1
1
1
1
0
0
0
0
0
1
100
140
1
1
1.4
1
0
0
0
0
0
0
0
0
0
0
0
0
0
0
100
140
1
1
1.4
1
0
0
0
0
0
0
0
0
0
0
0
0
0
0
0.65
0
0.85
1
100
2
0
0
0
100
140
1
1
1.4
1
0
0
0
0
0
0
0
0
0
0
0
0
0
0
0
0
0
0
0
0
0
0
0
0
0
0
0
0
0
0
0
0
0
0
1
125
10000
1
1
1
0
0
2
0
2
65
100
155
180
225
300
350
1
0.2
0.5
0.6
0.5
0.6
0.7
5
20
100
5
1
0.1
0.5
0.55
0.5
0.55
1
0
12
123
0
1
0.2
0.5
0.5
0.5
0.5
1
0
12
80
0
1
0.1
0.5
0.6
0.5
0.6
1
0
12
123
0
1
0.1
0.5
0.6
0.5
0.6
1
0
12
123
0
1
0.03
0.5
0.56
0.5
0.56
1
0
12
123
0
1
0.1
0.5
0.55
0.5
0.55
1
5
20
100
5
0.5
2
50
50
50
50
120
0.1
2
2
55
70
60
70
90
0.02
1
5
50
52
50
52
100
0.1
2
0
60
65
60
65
120
0.05
5
0
60
65
60
65
120
0.05
5
0
50
55
50
55
100
0.2
2
0
50
54
50
54
120
0.05
5
0.1
0
0
12
123
0
-2
0
12
123
0
0
0
12
123
0
0
0
12
123
0
0
0
12
123
0
0
0
12
123
0
0
0
12
123
0
0.3
-10
0.1
0.008
0.3
140
40
40
1
0.7
0.12
0.96
330
3
20
2.2
2.2