0.68
0.319
0.237
0.723
0.138
0.05
0.3006
0.3116
0.454545
0
10
0
0
0
0
0
1
0
1
0
0
0
0
0
1
0
0
0
1
0
0
0
0
0
0
0
0
0
0
0
0
0
0
0
0
0
0
0
0.1
0.1
0.1
0
0.1
0.8
0.7
0
0
0
0
0
1
0
0
0
0.5
0.5
0.5
0.5
3
2500
7500
10000
0.8638965178
0.2353138811
-0.0992103989
0
0.022215365
0.7840287129
0.016882144
0
-0.0071052877
-0.0501044785
0.2411621491
0
1
0
0
0
0
1
0
0
0
0
1
0
0.8698027945
-0.0247725996
0.0197217469
0
-0.0024299383
0.8782319671
-0.0038012476
0
0.0011960723
0.0100102009
0.9887937268
0
0
0
0
0
2.4
0
0
0
1
420
200
1400
0.125
1.5
0.33333
1
0
0
0
0
0
1
0
0
0
0
0
0
0
0
0
0
0
0
0
0
0
0
0
0
0
0
0
0
0
0
0
0
0
0
0
0
0
0
0
0
0
0
0
0
0
0
0
0
0
0
0
0
0
0
0
0
0
0
0
0
0
0
0
0
0
0
0
0
0
0
0
0
0
2.4
0
1.0
0
0.2
1
0.2
1
0.2
0.2
0.3
2
1
2
3
2
0.4
1
0.6
0
0.64
0.33
0.3
0.6
0.15
0.06
0.3127
0.329
0.4545454545
0
4
2.5
5
2.5
10
2
0.05
1.05
-0.2
1.55
0
1.5
0.1
0.1
90
265
0.35
0.143
-30
14
2
2
-0.5
1.5
0
0
0
0
0
0
0
0
0
0
0
0
0
0
0
0
0
0
0
0
0
0
0
0
0
0
0
0
0
0
0
0
0
0
0
0
0
0
0
0
0
0
0
0
0
0
0
0
0
0
0
0
0
0
0
0
0
0
0
0
0
0
0
0
0
0
0
0
0
0
0
0
0
0
0
0
0
0
0
0
0
0
0
0
0
0
0
0
0
0
0
0
0
0
0
0
0
0
0
0
0
0
0
0
0
0
0
0
0
0
0
0
0
0
0
0
0
0
0
0
0
0
0
0
0
0
0
0
0
0
0
0
0
0
0
0
0
0
0
0
0
0
0
0
0
0
0
0
0
1
125
10000
1
1
1
0
0
2
0
2
71
81
171
176
241
281
5
0.8
0.1
0.5
0.57
0.5
0.57
1
0
12
123
0
0.8
0.1
0.5
0.5
0.5
0.5
1
0
12
123
0
0.8
0.1
0.5
0.57
0.5
0.57
1
0
12
123
0
0.8
0.1
0.5
0.57
0.5
0.57
1
0
12
123
0
0.8
0.1
0.5
0.5
0.5
0.5
1
0
12
123
0
0.8
0.1
0.5
0.5
0.5
0.5
1
0
12
123
0
0.8
0.1
0.5
0.57
0.5
0.57
1
0
12
123
0
0.5
0
50
50
50
50
120
0.05
10
0
50
50
50
50
120
0.05
10
0
50
50
50
50
120
0.05
10
0
50
50
50
50
120
0.05
10
0
50
50
50
50
120
0.05
10
0
50
50
50
50
120
0.05
10
0
50
50
50
50
120
0.05
10
0.5
0
0
12
123
0
-5
0
12
123
0
0
0
12
123
0
0
0
12
123
0
0
0
12
123
0
0
0
12
123
0
0
0
12
123
0
0.3
-10
0.7
0.12
0.96
120
30
40
1
0.7
0.12
0.96
330
3
20
2.2
2.2
