0.708
0.292
0.17
0.797
0.131
0.046
0.3127
0.3290
0
0
10
0
0
0
0
0
1
0
0
0
0
0
0
0
1
0
0
0
1
0
0
0
0
0
0
1
0
0
0
0
0
0
0
0
0
0
0
0
1
1
1
0
0
0
0
0
0
0
0
0
1
0
0
0
0.5
0.5
0.5
0.5
3
2500
7028
10000
0.8705147115
0.2258951005
-0.096409812
0
0.0213376714
0.7938410681
0.0164617612
0
-0.006877416
-0.048696408
0.2659650187
0
1
0
0
0
0
1
0
0
0
0
1
0
0.7896870145
-0.032974820
0.0321089188
0
-0.003292085
0.8009204203
-0.006337686
0
0.0018749787
0.0163143224
0.9818106989
0
0
0
0
0
2.4
0
0
0
1
420
151
4000
0.125
1.5
0.33333
1
0
0
0
0
0
2.11
0
0.000000
0.000000
0.000000
0.000000
0.000000
0.000000
0.000000
0.000000
0.000000
0.000000
0.000000
0.000000
0.000000
0.000000
0.000000
0.000000
0.000000
0.000000
0.000000
0.000000
0.000000
0.000000
0.000000
0.000000
0.000000
0.000000
0.000000
0.000000
0.000000
0.000000
0.000000
0.000000
0.000000
0.000000
0.000000
0.000000
0.000000
0.000000
0.000000
0.000000
0.000000
0.000000
0.000000
0.000000
0.000000
0.000000
0.000000
0.000000
0.000000
0.000000
0.000000
0.000000
0.000000
0.000000
0.000000
0.000000
-43.963386
-93.462034
-149.757978
-213.464587
-285.201320
-364.839975
-456.257110
-566.759951
0.000000
0
2.4
0
1
0
0.2
1
0.2
1
0.2
0.2
0.3
2
1
2
3
2
0.4
1
0.6
0
0.64
0.33
0.3
0.6
0.15
0.06
0.3061
0.3124
0.4545454545
0
4
2.5
5
2.5
10
2
0.05
1.05
-0.2
1.55
0
1.5
0.1
0.1
90
265
0.35
0.143
-30
14
2
2
-0.5
1.5
0
0
0
0
0
0
0
0
0
0
0
0
0
0
0
0
0
0
0
0
0
0
0
0
0
0
0
0
0
0
0
0
0
0
0
0
0
0
0
0
0
0
0
0
0
0
0
0
0
2
1
1
1
1
0
0
0
0
0
0
0
0
0
0
0
0
0
0
0
0
0
0
0
0
0
0
0
0
0
0
0
0
0
0
0
0
0
0
0
0
0
0
0
0
0
0
0
0
0
0
0
0
0
0
0
0
0
0
0
0
0
0
0
0
0
0
0
0
0
0
0
0
0
0
0
0
0
0
0
0
0
0
0
0
0
0
0
0
0
0
0
0
0
0
0
0
0
0
0
0
125
10000
1
1
1
0
0
2
0
2
71
81
171
176
241
281
5
0.8
0.1
0.5
0.6
0.5
0.6
1
0
12
123
0
0.8
0.1
0.5
0.6
0.5
0.6
1
0
12
123
0
0.8
0.1
0.5
0.6
0.5
0.6
1
0
12
123
0
0.8
0.1
0.5
0.6
0.5
0.6
1
0
12
123
0
0.8
0.1
0.5
0.6
0.5
0.6
1
0
12
123
0
0.8
0.1
0.5
0.6
0.5
0.6
1
0
12
123
0
0.8
0.1
0.5
0.6
0.5
0.6
1
0
12
123
0
0.5
0
50
50
50
50
120
0.05
10
0
50
60
50
60
120
0.05
10
0
50
50
50
50
120
0.05
10
0
50
50
50
50
120
0.05
10
0
50
50
50
50
120
0.05
10
0
50
50
50
50
120
0.05
10
0
50
50
50
50
120
0.05
10
0.5
0
0
12
123
0
-5
0
12
123
0
0
0
12
123
0
0
0
12
123
0
0
0
12
123
0
0
0
12
123
0
0
0
12
123
0
0.3
-10
0.7
0.12
0.96
120
30
40
1
0.7
0.12
0.96
330
3
20
2.2
2.2
