1.2921,-1.8330,0.0000,-1.5385,-3.3823,0.0000,0.0000,0.0000,0.0000,-2.0274,-11.5461,-2.5926,0.0000,0.0000,0.0000,0.0000,0.0000,0.0000,0.0000,0.0000,0.0000,0.0000,0.0000,0.0000,0.0000,0.0000,0.0000,0.0000,0.0000,0.0000,0.0000,0.0000
-0.8281,-1.4360,0.0000,1.1351,-1.7608,0.0000,0.0000,0.0000,0.0000,3.4562,12.8738,2.1000,0.0000,0.0000,0.0000,0.0000,0.0000,0.0000,0.0000,0.0000,0.0000,0.0000,0.0000,0.0000,0.0000,0.0000,0.0000,0.0000,0.0000,0.0000,0.0000,0.0000
2.8299,-0.6419,0.0000,-7.2833,-5.0998,0.0000,0.0000,0.0000,0.0000,0.9745,0.0218,0.8852,0.0000,0.0000,0.0000,0.0000,0.0000,0.0000,0.0000,0.0000,0.0000,0.0000,0.0000,0.0000,0.0000,0.0000,0.0000,0.0000,0.0000,0.0000,0.0000,0.0000
0.2218,1.8126,0.0000,-0.1276,1.1996,0.0000,0.0000,0.0000,0.0000,6.4069,-1.9078,0.3926,0.0000,0.0000,0.0000,0.0000,0.0000,0.0000,0.0000,0.0000,0.0000,0.0000,0.0000,0.0000,0.0000,0.0000,0.0000,0.0000,0.0000,0.0000,0.0000,0.0000
-0.7375,-0.3989,0.0000,-4.0600,-4.6083,0.0000,0.0000,0.0000,0.0000,-0.4015,-3.4053,-4.9722,0.0000,0.0000,0.0000,0.0000,0.0000,0.0000,0.0000,0.0000,0.0000,0.0000,0.0000,0.0000,0.0000,0.0000,0.0000,0.0000,0.0000,0.0000,0.0000,0.0000
0.0314,-0.7941,0.0000,1.3058,0.0697,0.0000,0.0000,0.0000,0.0000,-3.5912,3.9806,1.9889,0.0000,0.0000,0.0000,0.0000,0.0000,0.0000,0.0000,0.0000,0.0000,0.0000,0.0000,0.0000,0.0000,0.0000,0.0000,0.0000,0.0000,0.0000,0.0000,0.0000
5.6026,6.8200,0.0000,4.6173,5.3446,0.0000,0.0000,0.0000,0.0000,9.8230,0.2791,1.5241,0.0000,0.0000,0.0000,0.0000,0.0000,0.0000,0.0000,0.0000,0.0000,0.0000,0.0000,0.0000,0.0000,0.0000,0.0000,0.0000,0.0000,0.0000,0.0000,0.0000
-6.6599,-4.5250,0.0000,-7.7523,-6.5876,0.0000,0.0000,0.0000,0.0000,-7.4945,-4.0971,-9.9296,0.0000,0.0000,0.0000,0.0000,0.0000,0.0000,0.0000,0.0000,0.0000,0.0000,0.0000,0.0000,0.0000,0.0000,0.0000,0.0000,0.0000,0.0000,0.0000,0.0000
3.7431,-6.1837,0.0000,18.8030,7.1940,0.0000,0.0000,0.0000,0.0000,-2.5639,0.5049,-4.6407,0.0000,0.0000,0.0000,0.0000,0.0000,0.0000,0.0000,0.0000,0.0000,0.0000,0.0000,0.0000,0.0000,0.0000,0.0000,0.0000,0.0000,0.0000,0.0000,0.0000
8.8096,12.9499,0.0000,-0.2664,-0.7458,0.0000,0.0000,0.0000,0.0000,-1.8321,3.1772,3.4074,0.0000,0.0000,0.0000,0.0000,0.0000,0.0000,0.0000,0.0000,0.0000,0.0000,0.0000,0.0000,0.0000,0.0000,0.0000,0.0000,0.0000,0.0000,0.0000,0.0000
-11.9760,-12.7737,0.0000,-12.8893,-3.9171,0.0000,0.0000,0.0000,0.0000,-1.9708,-4.6602,-4.6241,0.0000,0.0000,0.0000,0.0000,0.0000,0.0000,0.0000,0.0000,0.0000,0.0000,0.0000,0.0000,0.0000,0.0000,0.0000,0.0000,0.0000,0.0000,0.0000,0.0000
5.5970,-1.5362,0.0000,13.0675,3.5913,0.0000,0.0000,0.0000,0.0000,2.8522,0.8350,3.4741,0.0000,0.0000,0.0000,0.0000,0.0000,0.0000,0.0000,0.0000,0.0000,0.0000,0.0000,0.0000,0.0000,0.0000,0.0000,0.0000,0.0000,0.0000,0.0000,0.0000
6.2033,3.6957,0.0000,-15.1351,-8.2505,0.0000,0.0000,0.0000,0.0000,1.4507,-6.5243,-8.4981,0.0000,0.0000,0.0000,0.0000,0.0000,0.0000,0.0000,0.0000,0.0000,0.0000,0.0000,0.0000,0.0000,0.0000,0.0000,0.0000,0.0000,0.0000,0.0000,0.0000
-5.3420,-7.2653,0.0000,1.0732,4.9962,0.0000,0.0000,0.0000,0.0000,-2.2719,1.0655,7.5167,0.0000,0.0000,0.0000,0.0000,0.0000,0.0000,0.0000,0.0000,0.0000,0.0000,0.0000,0.0000,0.0000,0.0000,0.0000,0.0000,0.0000,0.0000,0.0000,0.0000
1.6765,3.4508,0.0000,-1.7167,-3.9096,0.0000,0.0000,0.0000,0.0000,8.5985,1.2184,1.2222,0.0000,0.0000,0.0000,0.0000,0.0000,0.0000,0.0000,0.0000,0.0000,0.0000,0.0000,0.0000,0.0000,0.0000,0.0000,0.0000,0.0000,0.0000,0.0000,0.0000
1.5176,-2.1169,0.0000,-11.8480,-3.9962,0.0000,0.0000,0.0000,0.0000,-3.7080,-6.5413,-6.8593,0.0000,0.0000,0.0000,0.0000,0.0000,0.0000,0.0000,0.0000,0.0000,0.0000,0.0000,0.0000,0.0000,0.0000,0.0000,0.0000,0.0000,0.0000,0.0000,0.0000
-7.2662,-9.4100,0.0000,27.3096,14.7552,0.0000,0.0000,0.0000,0.0000,-8.3303,14.5194,22.5000,0.0000,0.0000,0.0000,0.0000,0.0000,0.0000,0.0000,0.0000,0.0000,0.0000,0.0000,0.0000,0.0000,0.0000,0.0000,0.0000,0.0000,0.0000,0.0000,0.0000
19.4750,30.6085,0.0000,1.0319,7.4652,0.0000,0.0000,0.0000,0.0000,23.2427,-1.4150,0.8444,0.0000,0.0000,0.0000,0.0000,0.0000,0.0000,0.0000,0.0000,0.0000,0.0000,0.0000,0.0000,0.0000,0.0000,0.0000,0.0000,0.0000,0.0000,0.0000,0.0000
-26.6081,-27.1837,0.0000,-12.5929,-1.1412,0.0000,0.0000,0.0000,0.0000,-26.8285,-13.8325,-17.8667,0.0000,0.0000,0.0000,0.0000,0.0000,0.0000,0.0000,0.0000,0.0000,0.0000,0.0000,0.0000,0.0000,0.0000,0.0000,0.0000,0.0000,0.0000,0.0000,0.0000
24.1701,22.6790,0.0000,27.6811,15.8682,0.0000,0.0000,0.0000,0.0000,19.2755,23.9078,27.1056,0.0000,0.0000,0.0000,0.0000,0.0000,0.0000,0.0000,0.0000,0.0000,0.0000,0.0000,0.0000,0.0000,0.0000,0.0000,0.0000,0.0000,0.0000,0.0000,0.0000
-12.1091,-16.0575,0.0000,-39.0544,-28.5330,0.0000,0.0000,0.0000,0.0000,-19.7646,-31.9660,-40.1704,0.0000,0.0000,0.0000,0.0000,0.0000,0.0000,0.0000,0.0000,0.0000,0.0000,0.0000,0.0000,0.0000,0.0000,0.0000,0.0000,0.0000,0.0000,0.0000,0.0000
6.5194,5.2876,0.0000,33.4615,30.0132,0.0000,0.0000,0.0000,0.0000,12.6369,27.9806,36.7833,0.0000,0.0000,0.0000,0.0000,0.0000,0.0000,0.0000,0.0000,0.0000,0.0000,0.0000,0.0000,0.0000,0.0000,0.0000,0.0000,0.0000,0.0000,0.0000,0.0000
-11.5915,-15.9314,0.0000,-40.8049,-39.4991,0.0000,0.0000,0.0000,0.0000,-17.2792,-35.4636,-40.9407,0.0000,0.0000,0.0000,0.0000,0.0000,0.0000,0.0000,0.0000,0.0000,0.0000,0.0000,0.0000,0.0000,0.0000,0.0000,0.0000,0.0000,0.0000,0.0000,0.0000
30.9575,7.3117,0.0000,10.4953,23.0471,0.0000,0.0000,0.0000,0.0000,9.8504,11.9005,18.6111,0.0000,0.0000,0.0000,0.0000,0.0000,0.0000,0.0000,0.0000,0.0000,0.0000,0.0000,0.0000,0.0000,0.0000,0.0000,0.0000,0.0000,0.0000,0.0000,0.0000
-49.3660,-56.1985,0.0000,19.9794,2.2731,0.0000,0.0000,0.0000,0.0000,-29.7828,-4.5024,16.2130,0.0000,0.0000,0.0000,0.0000,0.0000,0.0000,0.0000,0.0000,0.0000,0.0000,0.0000,0.0000,0.0000,0.0000,0.0000,0.0000,0.0000,0.0000,0.0000,0.0000
143.8244,51.1855,0.0000,-21.0750,-26.5989,0.0000,0.0000,0.0000,0.0000,61.1898,-60.0680,-8.1370,0.0000,0.0000,0.0000,0.0000,0.0000,0.0000,0.0000,0.0000,0.0000,0.0000,0.0000,0.0000,0.0000,0.0000,0.0000,0.0000,0.0000,0.0000,0.0000,0.0000
-182.0499,-160.4341,0.0000,89.7692,99.3371,0.0000,0.0000,0.0000,0.0000,-98.0164,84.7621,53.0796,0.0000,0.0000,0.0000,0.0000,0.0000,0.0000,0.0000,0.0000,0.0000,0.0000,0.0000,0.0000,0.0000,0.0000,0.0000,0.0000,0.0000,0.0000,0.0000,0.0000
87.9963,199.9147,0.0000,-357.1932,-359.1657,0.0000,0.0000,0.0000,0.0000,20.3193,-269.2718,-307.5407,0.0000,0.0000,0.0000,0.0000,0.0000,0.0000,0.0000,0.0000,0.0000,0.0000,0.0000,0.0000,0.0000,0.0000,0.0000,0.0000,0.0000,0.0000,0.0000,0.0000
-134.4455,-68.3748,0.0000,859.4203,907.3013,0.0000,0.0000,0.0000,0.0000,27.3412,898.4078,839.2648,0.0000,0.0000,0.0000,0.0000,0.0000,0.0000,0.0000,0.0000,0.0000,0.0000,0.0000,0.0000,0.0000,0.0000,0.0000,0.0000,0.0000,0.0000,0.0000,0.0000
816.6747,798.9035,0.0000,-831.3208,-929.7853,0.0000,0.0000,0.0000,0.0000,653.7920,-851.1019,-862.7926,0.0000,0.0000,0.0000,0.0000,0.0000,0.0000,0.0000,0.0000,0.0000,0.0000,0.0000,0.0000,0.0000,0.0000,0.0000,0.0000,0.0000,0.0000,0.0000,0.0000
-1877.3549,-1928.5529,0.0000,-516.1895,-252.5330,0.0000,0.0000,0.0000,0.0000,-1754.5766,-747.2087,-686.0111,0.0000,0.0000,0.0000,0.0000,0.0000,0.0000,0.0000,0.0000,0.0000,0.0000,0.0000,0.0000,0.0000,0.0000,0.0000,0.0000,0.0000,0.0000,0.0000,0.0000
1386.0887,1471.5529,0.0000,2692.9306,2342.2279,0.0000,0.0000,0.0000,0.0000,1738.9307,3063.6602,3173.5352,0.0000,0.0000,0.0000,0.0000,0.0000,0.0000,0.0000,0.0000,0.0000,0.0000,0.0000,0.0000,0.0000,0.0000,0.0000,0.0000,0.0000,0.0000,0.0000,0.0000
1364.8891,1154.8330,0.0000,-3314.1726,-3245.8908,0.0000,0.0000,0.0000,0.0000,114.9745,-3457.1796,-3642.9148,0.0000,0.0000,0.0000,0.0000,0.0000,0.0000,0.0000,0.0000,0.0000,0.0000,0.0000,0.0000,0.0000,0.0000,0.0000,0.0000,0.0000,0.0000,0.0000,0.0000
-3821.1349,-3436.3210,0.0000,1312.4841,1596.5669,0.0000,0.0000,0.0000,0.0000,-2260.7153,808.3932,980.0852,0.0000,0.0000,0.0000,0.0000,0.0000,0.0000,0.0000,0.0000,0.0000,0.0000,0.0000,0.0000,0.0000,0.0000,0.0000,0.0000,0.0000,0.0000,0.0000,0.0000
3489.9279,3096.2375,0.0000,808.9437,384.1488,0.0000,0.0000,0.0000,0.0000,2569.8157,1810.1602,1431.3389,0.0000,0.0000,0.0000,0.0000,0.0000,0.0000,0.0000,0.0000,0.0000,0.0000,0.0000,0.0000,0.0000,0.0000,0.0000,0.0000,0.0000,0.0000,0.0000,0.0000
-871.1534,-1150.0390,0.0000,-1826.6116,-1331.9605,0.0000,0.0000,0.0000,0.0000,-1503.0602,-2108.7791,-1993.8944,0.0000,0.0000,0.0000,0.0000,0.0000,0.0000,0.0000,0.0000,0.0000,0.0000,0.0000,0.0000,0.0000,0.0000,0.0000,0.0000,0.0000,0.0000,0.0000,0.0000
-1585.0610,-849.7440,0.0000,1657.7336,1350.3936,0.0000,0.0000,0.0000,0.0000,136.5456,1382.9490,1516.6981,0.0000,0.0000,0.0000,0.0000,0.0000,0.0000,0.0000,0.0000,0.0000,0.0000,0.0000,0.0000,0.0000,0.0000,0.0000,0.0000,0.0000,0.0000,0.0000,0.0000
1079.6728,726.7087,0.0000,-663.1482,-505.8267,0.0000,0.0000,0.0000,0.0000,248.3120,-841.4199,-758.2759,0.0000,0.0000,0.0000,0.0000,0.0000,0.0000,0.0000,0.0000,0.0000,0.0000,0.0000,0.0000,0.0000,0.0000,0.0000,0.0000,0.0000,0.0000,0.0000,0.0000
887.9926,742.3692,0.0000,620.7242,549.4049,0.0000,0.0000,0.0000,0.0000,440.5566,318.6456,801.0815,0.0000,0.0000,0.0000,0.0000,0.0000,0.0000,0.0000,0.0000,0.0000,0.0000,0.0000,0.0000,0.0000,0.0000,0.0000,0.0000,0.0000,0.0000,0.0000,0.0000
-618.4935,-358.0037,0.0000,-202.7655,-479.4614,0.0000,0.0000,0.0000,0.0000,-275.7427,279.8398,-395.7130,0.0000,0.0000,0.0000,0.0000,0.0000,0.0000,0.0000,0.0000,0.0000,0.0000,0.0000,0.0000,0.0000,0.0000,0.0000,0.0000,0.0000,0.0000,0.0000,0.0000
-253.3771,-201.9907,0.0000,-365.7355,-44.3540,0.0000,0.0000,0.0000,0.0000,95.8613,-234.3641,46.5981,0.0000,0.0000,0.0000,0.0000,0.0000,0.0000,0.0000,0.0000,0.0000,0.0000,0.0000,0.0000,0.0000,0.0000,0.0000,0.0000,0.0000,0.0000,0.0000,0.0000
341.6470,369.3785,0.0000,5.9081,-400.0339,0.0000,0.0000,0.0000,0.0000,272.2372,-452.8592,-605.0204,0.0000,0.0000,0.0000,0.0000,0.0000,0.0000,0.0000,0.0000,0.0000,0.0000,0.0000,0.0000,0.0000,0.0000,0.0000,0.0000,0.0000,0.0000,0.0000,0.0000
-646.9224,-817.3840,0.0000,-388.2608,-1017.5002,0.0000,0.0000,0.0000,0.0000,-499.1040,428.0146,103.6944,0.0000,0.0000,0.0000,0.0000,0.0000,0.0000,0.0000,0.0000,0.0000,0.0000,0.0000,0.0000,0.0000,0.0000,0.0000,0.0000,0.0000,0.0000,0.0000,0.0000
-49.2754,-100.3043,0.0000,243.1051,1172.7345,0.0000,0.0000,0.0000,0.0000,907.5168,-117.4272,410.4037,0.0000,0.0000,0.0000,0.0000,0.0000,0.0000,0.0000,0.0000,0.0000,0.0000,0.0000,0.0000,0.0000,0.0000,0.0000,0.0000,0.0000,0.0000,0.0000,0.0000
577.4418,543.4304,0.0000,-212.8218,-435.1868,0.0000,0.0000,0.0000,0.0000,-464.1565,-480.2597,-691.7574,0.0000,0.0000,0.0000,0.0000,0.0000,0.0000,0.0000,0.0000,0.0000,0.0000,0.0000,0.0000,0.0000,0.0000,0.0000,0.0000,0.0000,0.0000,0.0000,0.0000
307.3863,63.5343,0.0000,244.8274,685.8674,0.0000,0.0000,0.0000,0.0000,264.8832,843.1723,773.9333,0.0000,0.0000,0.0000,0.0000,0.0000,0.0000,0.0000,0.0000,0.0000,0.0000,0.0000,0.0000,0.0000,0.0000,0.0000,0.0000,0.0000,0.0000,0.0000,0.0000
-662.1756,-501.3599,0.0000,96.6154,-85.2991,0.0000,0.0000,0.0000,0.0000,101.3690,-327.1675,-547.9667,0.0000,0.0000,0.0000,0.0000,0.0000,0.0000,0.0000,0.0000,0.0000,0.0000,0.0000,0.0000,0.0000,0.0000,0.0000,0.0000,0.0000,0.0000,0.0000,0.0000
191.2699,352.0241,0.0000,12.7786,-578.1872,0.0000,0.0000,0.0000,0.0000,-651.4409,72.5073,168.6241,0.0000,0.0000,0.0000,0.0000,0.0000,0.0000,0.0000,0.0000,0.0000,0.0000,0.0000,0.0000,0.0000,0.0000,0.0000,0.0000,0.0000,0.0000,0.0000,0.0000
94.4935,173.7829,0.0000,860.2964,1244.7066,0.0000,0.0000,0.0000,0.0000,808.3569,217.2184,971.7796,0.0000,0.0000,0.0000,0.0000,0.0000,0.0000,0.0000,0.0000,0.0000,0.0000,0.0000,0.0000,0.0000,0.0000,0.0000,0.0000,0.0000,0.0000,0.0000,0.0000
-155.2440,93.6271,0.0000,-903.3415,-1103.4972,0.0000,0.0000,0.0000,0.0000,-172.0423,-321.8350,-896.3037,0.0000,0.0000,0.0000,0.0000,0.0000,0.0000,0.0000,0.0000,0.0000,0.0000,0.0000,0.0000,0.0000,0.0000,0.0000,0.0000,0.0000,0.0000,0.0000,0.0000
132.7893,-61.6011,0.0000,-363.9737,139.1601,0.0000,0.0000,0.0000,0.0000,-76.6898,-327.9879,-252.1630,0.0000,0.0000,0.0000,0.0000,0.0000,0.0000,0.0000,0.0000,0.0000,0.0000,0.0000,0.0000,0.0000,0.0000,0.0000,0.0000,0.0000,0.0000,0.0000,0.0000
151.7689,-195.1985,0.0000,575.5084,-518.8625,0.0000,0.0000,0.0000,0.0000,-18.9106,298.9757,612.4630,0.0000,0.0000,0.0000,0.0000,0.0000,0.0000,0.0000,0.0000,0.0000,0.0000,0.0000,0.0000,0.0000,0.0000,0.0000,0.0000,0.0000,0.0000,0.0000,0.0000
-39.5397,-53.6085,0.0000,-210.8443,530.4256,0.0000,0.0000,0.0000,0.0000,-22.4672,173.1408,-268.3852,0.0000,0.0000,0.0000,0.0000,0.0000,0.0000,0.0000,0.0000,0.0000,0.0000,0.0000,0.0000,0.0000,0.0000,0.0000,0.0000,0.0000,0.0000,0.0000,0.0000
-395.1978,81.0427,0.0000,246.4878,192.1921,0.0000,0.0000,0.0000,0.0000,-88.9927,-99.6117,34.6630,0.0000,0.0000,0.0000,0.0000,0.0000,0.0000,0.0000,0.0000,0.0000,0.0000,0.0000,0.0000,0.0000,0.0000,0.0000,0.0000,0.0000,0.0000,0.0000,0.0000
249.2070,85.3989,0.0000,-114.0075,-338.6497,0.0000,0.0000,0.0000,0.0000,85.8175,256.8932,-170.7778,0.0000,0.0000,0.0000,0.0000,0.0000,0.0000,0.0000,0.0000,0.0000,0.0000,0.0000,0.0000,0.0000,0.0000,0.0000,0.0000,0.0000,0.0000,0.0000,0.0000
138.0628,-33.2931,0.0000,-366.8218,136.3032,0.0000,0.0000,0.0000,0.0000,-96.6168,-386.7888,-87.0630,0.0000,0.0000,0.0000,0.0000,0.0000,0.0000,0.0000,0.0000,0.0000,0.0000,0.0000,0.0000,0.0000,0.0000,0.0000,0.0000,0.0000,0.0000,0.0000,0.0000
-236.3900,-217.8794,0.0000,262.7092,-288.4388,0.0000,0.0000,0.0000,0.0000,-43.9270,195.0267,314.6056,0.0000,0.0000,0.0000,0.0000,0.0000,0.0000,0.0000,0.0000,0.0000,0.0000,0.0000,0.0000,0.0000,0.0000,0.0000,0.0000,0.0000,0.0000,0.0000,0.0000
128.6747,141.8683,0.0000,41.6229,473.1563,0.0000,0.0000,0.0000,0.0000,294.1788,30.1262,-142.4426,0.0000,0.0000,0.0000,0.0000,0.0000,0.0000,0.0000,0.0000,0.0000,0.0000,0.0000,0.0000,0.0000,0.0000,0.0000,0.0000,0.0000,0.0000,0.0000,0.0000
-60.5120,-3.4026,0.0000,-4.7861,-238.4915,0.0000,0.0000,0.0000,0.0000,-219.7153,-232.1456,-57.3704,0.0000,0.0000,0.0000,0.0000,0.0000,0.0000,0.0000,0.0000,0.0000,0.0000,0.0000,0.0000,0.0000,0.0000,0.0000,0.0000,0.0000,0.0000,0.0000,0.0000
-65.8299,60.3748,0.0000,85.9362,-111.1337,0.0000,0.0000,0.0000,0.0000,40.3869,58.7063,12.2148,0.0000,0.0000,0.0000,0.0000,0.0000,0.0000,0.0000,0.0000,0.0000,0.0000,0.0000,0.0000,0.0000,0.0000,0.0000,0.0000,0.0000,0.0000,0.0000,0.0000
148.9649,134.6698,0.0000,-206.8762,176.0151,0.0000,0.0000,0.0000,0.0000,73.3339,-26.1505,27.9778,0.0000,0.0000,0.0000,0.0000,0.0000,0.0000,0.0000,0.0000,0.0000,0.0000,0.0000,0.0000,0.0000,0.0000,0.0000,0.0000,0.0000,0.0000,0.0000,0.0000
-53.7930,-296.9035,0.0000,-45.1970,-222.1601,0.0000,0.0000,0.0000,0.0000,-59.0456,324.7694,33.9000,0.0000,0.0000,0.0000,0.0000,0.0000,0.0000,0.0000,0.0000,0.0000,0.0000,0.0000,0.0000,0.0000,0.0000,0.0000,0.0000,0.0000,0.0000,0.0000,0.0000
-65.7079,106.2041,0.0000,109.2608,233.5970,0.0000,0.0000,0.0000,0.0000,-150.1588,-214.9515,108.6500,0.0000,0.0000,0.0000,0.0000,0.0000,0.0000,0.0000,0.0000,0.0000,0.0000,0.0000,0.0000,0.0000,0.0000,0.0000,0.0000,0.0000,0.0000,0.0000,0.0000
131.8170,57.8015,0.0000,-12.2795,-102.5122,0.0000,0.0000,0.0000,0.0000,110.6989,-129.3495,-56.8278,0.0000,0.0000,0.0000,0.0000,0.0000,0.0000,0.0000,0.0000,0.0000,0.0000,0.0000,0.0000,0.0000,0.0000,0.0000,0.0000,0.0000,0.0000,0.0000,0.0000
17.6322,-119.0019,0.0000,85.6191,-8.1846,0.0000,0.0000,0.0000,0.0000,-2.0255,214.0680,-90.2815,0.0000,0.0000,0.0000,0.0000,0.0000,0.0000,0.0000,0.0000,0.0000,0.0000,0.0000,0.0000,0.0000,0.0000,0.0000,0.0000,0.0000,0.0000,0.0000,0.0000
14.8262,91.5603,0.0000,-96.5028,86.6704,0.0000,0.0000,0.0000,0.0000,-89.1588,-65.2015,-67.8796,0.0000,0.0000,0.0000,0.0000,0.0000,0.0000,0.0000,0.0000,0.0000,0.0000,0.0000,0.0000,0.0000,0.0000,0.0000,0.0000,0.0000,0.0000,0.0000,0.0000
-131.3623,-135.7996,0.0000,92.9944,-125.5028,0.0000,0.0000,0.0000,0.0000,171.4124,33.7500,186.6574,0.0000,0.0000,0.0000,0.0000,0.0000,0.0000,0.0000,0.0000,0.0000,0.0000,0.0000,0.0000,0.0000,0.0000,0.0000,0.0000,0.0000,0.0000,0.0000,0.0000
-46.8946,144.5195,0.0000,-33.6435,153.9529,0.0000,0.0000,0.0000,0.0000,-56.0803,-46.2937,-39.0667,0.0000,0.0000,0.0000,0.0000,0.0000,0.0000,0.0000,0.0000,0.0000,0.0000,0.0000,0.0000,0.0000,0.0000,0.0000,0.0000,0.0000,0.0000,0.0000,0.0000
126.1959,39.4935,0.0000,-56.4203,-8.9360,0.0000,0.0000,0.0000,0.0000,-61.1971,17.5801,93.9333,0.0000,0.0000,0.0000,0.0000,0.0000,0.0000,0.0000,0.0000,0.0000,0.0000,0.0000,0.0000,0.0000,0.0000,0.0000,0.0000,0.0000,0.0000,0.0000,0.0000
-135.9852,-17.5714,0.0000,202.8386,-79.8305,0.0000,0.0000,0.0000,0.0000,69.8339,-64.8495,-102.6926,0.0000,0.0000,0.0000,0.0000,0.0000,0.0000,0.0000,0.0000,0.0000,0.0000,0.0000,0.0000,0.0000,0.0000,0.0000,0.0000,0.0000,0.0000,0.0000,0.0000
123.8115,71.6698,0.0000,-142.6060,-12.7024,0.0000,0.0000,0.0000,0.0000,10.9015,-58.8495,-108.2426,0.0000,0.0000,0.0000,0.0000,0.0000,0.0000,0.0000,0.0000,0.0000,0.0000,0.0000,0.0000,0.0000,0.0000,0.0000,0.0000,0.0000,0.0000,0.0000,0.0000
7.2957,-182.8479,0.0000,1.5366,88.0960,0.0000,0.0000,0.0000,0.0000,-51.7482,89.3058,111.9593,0.0000,0.0000,0.0000,0.0000,0.0000,0.0000,0.0000,0.0000,0.0000,0.0000,0.0000,0.0000,0.0000,0.0000,0.0000,0.0000,0.0000,0.0000,0.0000,0.0000
-61.1645,85.8200,0.0000,79.0919,-147.7137,0.0000,0.0000,0.0000,0.0000,135.3412,-9.2282,-176.7778,0.0000,0.0000,0.0000,0.0000,0.0000,0.0000,0.0000,0.0000,0.0000,0.0000,0.0000,0.0000,0.0000,0.0000,0.0000,0.0000,0.0000,0.0000,0.0000,0.0000
80.2921,32.9518,0.0000,-172.4972,44.2655,0.0000,0.0000,0.0000,0.0000,-24.8394,-17.4296,151.7722,0.0000,0.0000,0.0000,0.0000,0.0000,0.0000,0.0000,0.0000,0.0000,0.0000,0.0000,0.0000,0.0000,0.0000,0.0000,0.0000,0.0000,0.0000,0.0000,0.0000
-45.7357,-49.7607,0.0000,51.3846,46.7288,0.0000,0.0000,0.0000,0.0000,-138.3303,82.5655,52.0704,0.0000,0.0000,0.0000,0.0000,0.0000,0.0000,0.0000,0.0000,0.0000,0.0000,0.0000,0.0000,0.0000,0.0000,0.0000,0.0000,0.0000,0.0000,0.0000,0.0000
26.1719,14.0538,0.0000,-44.8874,-14.4746,0.0000,0.0000,0.0000,0.0000,113.7281,1.0291,-111.5741,0.0000,0.0000,0.0000,0.0000,0.0000,0.0000,0.0000,0.0000,0.0000,0.0000,0.0000,0.0000,0.0000,0.0000,0.0000,0.0000,0.0000,0.0000,0.0000,0.0000
34.5693,-43.3210,0.0000,35.5403,18.0320,0.0000,0.0000,0.0000,0.0000,-6.9489,-104.7524,-36.1093,0.0000,0.0000,0.0000,0.0000,0.0000,0.0000,0.0000,0.0000,0.0000,0.0000,0.0000,0.0000,0.0000,0.0000,0.0000,0.0000,0.0000,0.0000,0.0000,0.0000
-101.6100,21.8720,0.0000,138.1182,-54.9209,0.0000,0.0000,0.0000,0.0000,-183.4964,27.0121,100.5481,0.0000,0.0000,0.0000,0.0000,0.0000,0.0000,0.0000,0.0000,0.0000,0.0000,0.0000,0.0000,0.0000,0.0000,0.0000,0.0000,0.0000,0.0000,0.0000,0.0000
8.6562,-4.9610,0.0000,-37.2889,46.5499,0.0000,0.0000,0.0000,0.0000,118.4361,-15.4684,69.6333,0.0000,0.0000,0.0000,0.0000,0.0000,0.0000,0.0000,0.0000,0.0000,0.0000,0.0000,0.0000,0.0000,0.0000,0.0000,0.0000,0.0000,0.0000,0.0000,0.0000
74.5970,60.0167,0.0000,-37.7580,51.6497,0.0000,0.0000,0.0000,0.0000,58.3540,-15.2015,-154.4667,0.0000,0.0000,0.0000,0.0000,0.0000,0.0000,0.0000,0.0000,0.0000,0.0000,0.0000,0.0000,0.0000,0.0000,0.0000,0.0000,0.0000,0.0000,0.0000,0.0000
